  0.490202899583620       0.490198343690571     
  -1.04756973279717       -1.04756695921952     
 -0.159408467023824      -0.159420587776124     
 -1.072951527757367E-003 -1.028996439926239E-003
   1.87148098158298        1.87152488527823     
 -0.653619402786725      -0.653630005846297     
 -0.356959134785785      -0.356958566422888     
   2.53682251421358        2.53687145698882     
  0.267787733625687       0.267799808147763     
 -0.240205094314247      -0.240209114490748     
 -9.364236142262704E-002 -9.366387570958042E-002
  0.118763312140626       0.118764843533689     
  0.756467374557306       0.756462642618497     
  -1.26031339857322       -1.26034570439233     
 -0.865105209311057      -0.865065244726195     
   1.01829799170738        1.01828697040076     
 -0.932498488257417      -0.932500681907874     
  0.598355834156170       0.598344714459036     
  0.178359246850510       0.178335792348399     
 -0.144573348118629      -0.144600083004830     
  0.548938575745370       0.548940734954745     
  0.988430595334913       0.988417122036325     
  0.876827244896152       0.876851180588764     
 -0.169858300555833      -0.169856857512191     
 -0.513805009522213      -0.513835061216444     
  0.126429269991960       0.126434292412566     
 -0.162368036958487      -0.162360980028676     
  0.332133985187662       0.332127073833856     
  0.200343376449154       0.200355706811058     
 -0.293240406093771      -0.293242558301732     
  0.605088430260865       0.605091053595541     
 -0.475255650663021      -0.475268136732490     
  9.345849452404728E-002  9.345785778346058E-002
  0.669751811978105       0.669761006510911     
 -0.355411196764206      -0.355411584362348     
 -0.385450194435534      -0.385445576918906     
  0.401327838772949       0.401318614861882     
  0.387717590264021       0.387705947455032     
 -0.273158511508588      -0.273174435440124     
 -8.745286118715552E-002 -8.745280587469260E-002
 -0.782105478099160      -0.782111464748335     
  0.178487189290843       0.178494370004654     
 -0.575127258888372      -0.575131530057698     
 -1.370933028284384E-002 -1.370739558885680E-002
 -0.709537194124507      -0.709546478851738     
 -0.592765731340847      -0.592790148461882     
  0.498120063030043       0.498119940164008     
 -0.399421649156784      -0.399424304210805     
 -0.367742587509869      -0.367770424747274     
 -0.280773756822882      -0.280771292060151     
 -0.418118975161666      -0.418130675010884     
  -1.05681540198094       -1.05681749814351     
  0.611606207851586       0.611593645284909     
  0.525224008279856       0.525220294809220     
 -7.083414815468660E-003 -7.066500204953565E-003
 -0.415130503693234      -0.415158572418242     
 -0.562377636709865      -0.562349275603966     
 -0.671087571551805      -0.671084543558231     
   1.52047780442986        1.52049047349480     
  0.564299066662890       0.564317794483119     
  0.310501071948169       0.310544056170740     
   1.20065650233933        1.20063561050991     
  7.206615949189482E-002  7.205966214190634E-002
 -0.209008227186266      -0.209009440322848     
 -8.192699946615650E-002 -8.193388828364018E-002
  0.483965751146392       0.483957315566087     
  -1.94763440266746       -1.94765380140088     
 -0.332412435765984      -0.332444141300205     
 -0.609741246302364      -0.609734935558186     
  0.530986700547254       0.530984003208137     
   2.30824614301591        2.30826935285393     
  0.389557340688979       0.389567954359025     
 -0.974235859893485      -0.974237734528339     
 -0.580724211169695      -0.580697627221566     
   1.96600442922658        1.96601100279859     
  7.292665922306818E-002  7.293043319876712E-002
 -0.396308968976381      -0.396322666396313     
  -1.04730994298741       -1.04730886638864     
 -8.592504581946020E-002 -8.592937409702069E-002
  -2.31071324047013       -2.31070419620690     
   1.04502891871121        1.04503599771062     
  0.194232482454096       0.194226720262021     
 -0.346991216847238      -0.346965111254204     
 -0.505275717716108      -0.505304086400321     
 -2.437520331838284E-002 -2.437906710452376E-002
 -0.186300420888449      -0.186301529694203     
 -0.686020546895268      -0.686027190754141     
  0.123779223806676       0.123776002379279     
 -0.276019827537445      -0.276020391684547     
  -1.42648645775784       -1.42649989211237     
 -5.233222039430574E-002 -5.232634662646833E-002
   1.39730171283175        1.39729883400029     
  7.386571894809614E-002  7.386556177882443E-002
  0.642180375642535       0.642157153477152     
 -0.929306737981268      -0.929337022712177     
   1.31645663892719        1.31647485015414     
  0.180403131292559       0.180391536934890     
  0.495676983921711       0.495605391362191     
  8.861333330091246E-002  8.865105529291846E-002
  0.256566888937345       0.256561031736635     
  0.661256088581534       0.661261312590825     
  0.172770491947195       0.172767666368464     
   1.42149709797466        1.42148351087956     
  -1.25098553623137       -1.25096586471402     
  0.174362364893612       0.174343495709805     
 -0.666571678598639      -0.666595425353464     
 -0.880954696374821      -0.880992286378153     
   1.86952866634523        1.86954131942323     
 -5.772181566021666E-002 -5.772235400843991E-002
 -0.268493482024098      -0.268481969240725     
 -0.822956561706592      -0.822951350078388     
  0.145648725752544       0.145648553629186     
  0.626619467481621       0.626620109256593     
   1.81422064097303        1.81421046370194     
 -0.468938629161603      -0.468914869785634     
  0.621348626920020       0.621320230154407     
 -3.680079141397335E-003 -3.671957920873803E-003
  0.482224239342342       0.482231642808858     
  6.538899205882377E-002  6.540511546352849E-002
  0.584553026155418       0.584584174968945     
  0.194995970420855       0.195017242714076     
  0.481602186306313       0.481615920318443     
   3.24560956748056        3.24564908464597     
 -0.226044946146316      -0.226046104258174     
  0.401504637063925       0.401513702243046     
  0.357560221763835       0.357560330816870     
 -0.363208378209331      -0.363189417601276     
  0.189556553774543       0.189568231646468     
 -0.771724807227887      -0.771726768676292     
  -1.43581516630522       -1.43580632763818     
 -0.191414258485096      -0.191392593073013     
  -1.01056299341819       -1.01055240946981     
 -0.797357936566250      -0.797393349145374     
  0.251634338576842       0.251635870429140     
  7.743294607359447E-002  7.744606198590161E-002
 -0.359281365471087      -0.359282132029700     
  -1.29889843471088       -1.29891229996846     
  -1.39800388783301       -1.39800856358511     
   1.10341158017591        1.10338126048026     
  0.179907544474199       0.179909851995036     
 -1.287175615278184E-002 -1.289240033856446E-002
 -0.135601899851995      -0.135602481659064     
  -1.19296580852613       -1.19296958947821     
 -0.973463546080582      -0.973509252788544     
  2.565122655796934E-002  2.567797000811195E-002
   1.42066309328718        1.42071526791810     
  0.386712421562636       0.386714116315260     
 -5.716333203168673E-002 -5.716643467506557E-002
  7.517780687863511E-002  7.517711648193651E-002
  0.281509731426427       0.281518008506762     
 -0.738950842374921      -0.739023256130428     
  0.171120235048437       0.171095857874160     
 -0.284182729033182      -0.284164383542764     
  6.698254954173685E-002  6.702123042997157E-002
  5.770267521601508E-002  5.769758852536301E-002
 -0.346059607569913      -0.346060551150603     
  0.610916436973492       0.610919019867431     
  0.294284327384531       0.294288031738559     
 -8.783964015717041E-002 -8.784594683541341E-002
 -0.400439480078305      -0.400459937309708     
  -1.42174543150852       -1.42168384067147     
  -1.20923350169126       -1.20923917491372     
 -0.218364677064164      -0.218367166886984     
  0.372075126231361       0.372070175101094     
 -0.959900492919893      -0.959917392650713     
 -0.926517510294826      -0.926534029771152     
   1.35219619888324        1.35224226485446     
  0.918244252310174       0.918250664347244     
 -0.487670885706767      -0.487682313625586     
 -0.776138807138872      -0.776154984941967     
   1.03090400421905        1.03091952159327     
  -1.64550262900250       -1.64550885596570     
 -0.386079492441737      -0.386101661413728     
 -0.497523122602712      -0.497518800210383     
  -1.46522394319811       -1.46523196171506     
 -0.896684153751997      -0.896683077547263     
 -0.236237891265495      -0.236228909221211     
 -0.420821387352332      -0.420827099124038     
 -0.649590029127222      -0.649595577430918     
  -1.35210856059645       -1.35215097218871     
   1.14254520366824        1.14254532636007     
  -1.14293180355907       -1.14292307363908     
 -0.225776870684005      -0.225798463718934     
  4.242719014876184E-002  4.242735325316122E-002
 -0.610654607180063      -0.610618291458416     
 -0.808987714413824      -0.808954358138535     
  -1.17382777785655       -1.17385141783740     
 -0.529178957309186      -0.529179336033692     
 -8.097721814939116E-002 -8.098225837661018E-002
  0.496745821612112       0.496741605923698     
 -0.524684103504863      -0.524678257191801     
  0.934726273824090       0.934723129275562     
 -0.824662880805590      -0.824654551163973     
  0.219884318902211       0.219877077742306     
 -8.205504052958836E-002 -8.206624685813987E-002
  0.951869818981841       0.951859271211964     
  0.655979951350887       0.655978449639832     
   1.21008829451247        1.21009793483650     
 -0.229374699414543      -0.229374852211108     
  4.144890356660115E-002  4.139899083242123E-002
 -0.868315160891843      -0.868318798186521     
 -2.788594267758643E-002 -2.782486014666931E-002
 -0.355501945074888      -0.355497635369980     
  0.324291977026097       0.324315943428564     
 -0.724525381365669      -0.724573015247198     
  0.367303378403357       0.367317666625177     
 -7.632648380660809E-002 -7.631589693598453E-002
 -0.333434940895011      -0.333486237934282     
 -0.167255470646750      -0.167260259631808     
  0.643786146533828       0.643793030138865     
 -0.331642260677578      -0.331642019130826     
 -0.145964023446504      -0.145982034159322     
   1.32516815262792        1.32518572668763     
  0.826960557129632       0.826963127454355     
  0.398973996751343       0.398975065750029     
  0.911409431141343       0.911477443568863     
 -0.359175258823146      -0.359160819752255     
   1.55845552444852        1.55847124954486     
 -0.183506810475425      -0.183515933683348     
   1.12845630338859        1.12851446744567     
  2.040639382853519E-002  2.040623948859430E-002
 -2.102193055081161E-002 -2.103008910661767E-002
  1.274611098502890E-002  1.272761367615350E-002
 -3.563295832654149E-002 -3.562449667529126E-002
  6.982776546638192E-002  6.982744107912205E-002
 -0.618207401202766      -0.618216312340225     
 -0.533498160498565      -0.533530444170589     
 -8.205951976833213E-003 -8.198953008116716E-003
  0.310083623013278       0.310091191413082     
 -0.166413319213252      -0.166406791839104     
 -0.336259062677304      -0.336271359174587     
 -4.617112411679158E-002 -4.617415107625882E-002
  -1.40365046609832       -1.40368488008837     
  6.374570610535064E-002  6.372711177354287E-002
  0.584926305085356       0.584919165354743     
  0.364177010046617       0.364181278287545     
 -0.131085635435102      -0.131085134166070     
  3.469640000405305E-002  3.469183866211016E-002
 -0.901941020393820      -0.902033590401008     
 -0.310491575989863      -0.310505901401584     
 -0.179418104108429      -0.179413922671034     
 -1.542376806605399E-002 -1.542460454628209E-002
 -4.011947423633173E-002 -4.013953560701185E-002
  -1.96513067310852       -1.96511999700321     
  0.983296128206347       0.983313738418195     
  -1.08244780271949       -1.08246875754254     
  -2.41614806613559       -2.41614502494339     
  0.316574261690633       0.316550470415755     
  0.911072044521698       0.911059292147423     
 -0.474331186099887      -0.474313949318125     
  0.164105733894345       0.164113987090937     
  0.874258115893243       0.874270251743878     
  7.561403628077989E-002  7.561464601495514E-002
 -0.310723538106425      -0.310723503117243     
  0.134902247959208       0.134877780851742     
  0.520151984478455       0.520150782163027     
 -0.499085910202024      -0.499087461565138     
  0.593247093832610       0.593286887612786     
  0.604220428563410       0.604240373327771     
  0.838811203949043       0.838760035011100     
  -1.42697318807419       -1.42699303080793     
  -1.30026837463859       -1.30027775493028     
  0.606176667916307       0.606190700374618     
 -0.912026277890605      -0.912064166604930     
   1.38770608219750        1.38771631549339     
  -1.17073298421353       -1.17073423930189     
 -0.170400490924610      -0.170404150938938     
 -0.456516000901259      -0.456491817387828     
  0.517060988330665       0.517051356147133     
  -1.12129910091884       -1.12127908945652     
 -0.995593287986269      -0.995603303458286     
 -0.746785958090160      -0.746847970783381     
 -0.671139730731993      -0.671168369553131     
 -0.562823702012427      -0.562818201687850     
  0.318866579363581       0.318935159058558     
   1.34689329911812        1.34690776204564     
 -0.371711929854374      -0.371708574253544     
   1.27010744446133        1.27012869354318     
  0.958124022477694       0.958126296544054     
  0.303150840988780       0.303150232691293     
  -1.10546160577399       -1.10546363707589     
 -0.531819328221514      -0.531813075810573     
 -0.836177626956588      -0.836175136523399     
 -9.476961024860531E-002 -9.476642134012145E-002
 -0.808224332632559      -0.808232048109297     
 -3.046519120365757E-002 -3.046911061414372E-002
 -4.080685016456885E-002 -4.080735261784249E-002
  -1.08403423398365       -1.08403025755017     
 -0.573780412704828      -0.573786171693486     
 -0.584466653991186      -0.584468886029821     
  0.380589723656039       0.380605347027148     
   2.04008517845812        2.04010445930840     
 -0.101091822205523      -0.101118638326413     
  0.128876158690970       0.128860592608790     
 -0.667692940330323      -0.667695697810868     
 -0.674366960592783      -0.674382060509810     
 -0.115576103057743      -0.115576909816272     
  0.337953207108097       0.337949640006046     
  0.465653885854358       0.465660920193060     
  0.309352178165346       0.309368680752446     
  4.890265131733457E-002  4.891126653436336E-002
 -0.773039539465930      -0.773087422031406     
 -0.413920938975950      -0.413919308779487     
  0.362665061751897       0.362663931349576     
 -0.417446908147467      -0.417474307405161     
  0.479518509282105       0.479520671510477     
  -1.15518980059796       -1.15518809623136     
  0.438610078695563       0.438616717549768     
 -0.401171956198949      -0.401170323548238     
 -0.379243343450338      -0.379263509887181     
 -0.371814593004396      -0.371813577037651     
 -3.875083654405090E-003 -3.875067246922736E-003
  -1.01970169351458       -1.01971992239166     
  -1.53922445448143       -1.53921779624650     
   1.93494296016722        1.93494636719860     
 -0.638167418379199      -0.638166005405329     
  -1.86632598428894       -1.86635290969138     
 -0.827927310945142      -0.827929622833117     
 -8.388500376725365E-002 -8.391752124632090E-002
 -0.652962081782029      -0.652955903293370     
 -7.578538102228355E-002 -7.581743197486557E-002
 -0.312449969946369      -0.312444814451785     
 -0.781408835201867      -0.781440515326291     
 -0.593602865370959      -0.593567160347398     
   2.44740061762951        2.44743443021279     
  0.158678048470482       0.158675160349461     
  0.389842539584808       0.389821966801832     
 -0.872690300549643      -0.872691252180808     
  0.708988410852666       0.708981072812554     
 -0.274651163792798      -0.274642761331175     
  -1.49136218158187       -1.49136853218168     
  0.157255116908724       0.157254786843901     
 -0.113427716790645      -0.113427465913110     
 -0.770788771224792      -0.770889536739272     
   1.31840738774939        1.31840468114349     
  0.952842080605450       0.952857243664280     
  -1.32763775161118       -1.32766176868682     
   1.39472942997876        1.39470804845084     
  0.733655137691438       0.733687264553581     
 -0.423725867839783      -0.423720208749988     
  0.163066803934958       0.163068887663704     
 -0.386107808869768      -0.386106920434702     
 -0.560602213040180      -0.560559482750829     
  0.642833179096192       0.642848811998207     
  9.754871008128387E-002  9.753484066140891E-002
 -6.100531386138279E-002 -6.098411874917951E-002
  0.940666122334125       0.940665777684414     
 -4.799952134995420E-002 -4.799946891791366E-002
 -0.378369869824156      -0.378389538024615     
 -6.945475886441585E-002 -6.945225378279581E-002
  5.758348051687576E-002  5.759303334902207E-002
 -0.215608567364113      -0.215602966241614     
 -0.549758946564519      -0.549786854923741     
 -0.328371771412718      -0.328369510974581     
 -0.966557833546257      -0.966587230887838     
 -0.592079587847272      -0.592061666863663     
 -0.348586449023777      -0.348580575740214     
  0.106018553761832       0.105999413575705     
 -0.479878479178072      -0.479895483604345     
  0.306997326961704       0.306997879372768     
  0.558015025251591       0.558017613508133     
   1.01493285632635        1.01494459031065     
  0.788538610776183       0.788535681048425     
  -1.49221252846606       -1.49219125740768     
 -0.193900439695010      -0.193898920099327     
 -0.519104601624819      -0.519117212014491     
  3.158075425275668E-002  3.158813989648077E-002
  2.081036328025340E-002  2.079927698828612E-002
 -0.412635824778114      -0.412640962276819     
 -1.649115058835858E-002 -1.648878005561874E-002
 -0.115270190545229      -0.115268201168053     
   1.23413137013163        1.23412207958918     
   1.20364636265365        1.20367223939853     
  0.226582153936867       0.226601704149985     
  0.347741556121352       0.347772380836461     
 -0.292166404718788      -0.292167570204945     
 -0.209075034446285      -0.209074885967649     
 -2.232387962648420E-002 -2.228735292084155E-002
 -0.484634499137252      -0.484641224268779     
  0.337271876685359       0.337271669353360     
  3.016829887032955E-002  3.016675446541968E-002
 -0.266014969639672      -0.266050186699697     
   1.07139016798416        1.07139138950665     
  0.709649075052355       0.709684199079804     
 -0.325008373712559      -0.324988661718668     
 -0.216206521818189      -0.216213997018219     
  0.302277765154372       0.302280034057806     
  0.293139934589904       0.293140606618966     
 -0.134013621080576      -0.134019636453487     
  0.360971730135232       0.360976026712886     
 -0.387307949311724      -0.387303881840908     
  7.075079207680517E-002  7.075133378113088E-002
 -0.436122142762750      -0.436083792433238     
  0.414830845511571       0.414850344345810     
  0.105148327632669       0.105136570705438     
 -1.092977289122377E-002 -1.093072275598974E-002
  -1.47638809823123       -1.47640510470929     
  -1.50924495613266       -1.50926705891266     
  0.954891105532056       0.954900688013673     
 -0.690794722002182      -0.690796721879666     
 -0.703907102481625      -0.703902074544946     
  0.306662973400643       0.306669262473838     
  0.372876777515894       0.372833301823900     
  0.720744709219102       0.720743574309954     
  0.586436099248099       0.586441845477402     
 -0.820561565842203      -0.820639521876647     
  7.100091195957134E-002  7.100437957829460E-002
 -0.518933272650697      -0.518945743845098     
 -0.424131193724946      -0.424129003324067     
  0.208765557414499       0.208773335975177     
   1.14286962665834        1.14287083728514     
  0.142932204210706       0.142896813346257     
 -8.139720292603428E-002 -8.138099070423463E-002
 -0.136982652056063      -0.136990054365363     
 -0.728729120548958      -0.728735945828966     
  1.025203746087460E-002  1.028351540662773E-002
   1.21295100721328        1.21295551701196     
  0.326714341972110       0.326714428888783     
 -0.129524513660180      -0.129491096933900     
  -1.52162454904678       -1.52162307370873     
 -8.026422845661968E-002 -8.028373436200503E-002
 -0.387524099894747      -0.387528548974305     
   1.16437387972599        1.16439045309262     
 -7.637771077134552E-002 -7.636787296511514E-002
 -0.750633574844671      -0.750605289678085     
  -1.24399436926048       -1.24402338429665     
  0.496738032689544       0.496751869722806     
  2.271625255548308E-002  2.271174146414674E-002
  0.772365080879886       0.772391628999184     
  0.290447539012591       0.290440976166615     
 -1.425349767398816E-002 -1.427806300660037E-002
  0.623615840473097       0.623615670043953     
   2.29904331961719        2.29904632976028     
  5.063214495883104E-002  5.067950383108068E-002
  0.952441388459180       0.952518297047462     
 -0.891358125377355      -0.891402393846390     
  0.211977075424245       0.211995516436941     
  -1.24174282657147       -1.24177799679034     
  8.348372276024910E-002  8.348443596430651E-002
  0.167711674912408       0.167711149709899     
  0.350150364306153       0.350162238276884     
  0.964963805327204       0.964964940566713     
 -0.232846448842452      -0.232835808229865     
 -0.994259689130806      -0.994260609861056     
 -0.239614436803122      -0.239613382180432     
  0.448130404295539       0.448133153787369     
 -2.338878302519438E-002 -2.339921224299714E-002
 -0.208097047066943      -0.208055774134883     
 -0.355608583062787      -0.355633925123098     
  0.951963570615373       0.951962659335797     
 -0.581044572148771      -0.581079566006168     
 -8.081536186713005E-002 -8.080401623869614E-002
 -0.522212408691750      -0.522217342821602     
   1.09899472565655        1.09899228931537     
  0.572326246074917       0.572350290421408     
  2.257719189831467E-002  2.256859968280197E-002
 -0.416711954010024      -0.416715825729425     
  0.597692554108059       0.597690112911980     
 -0.517003570234413      -0.517039361050487     
  0.833878547864873       0.833878489789876     
  6.260041753618967E-002  6.263937115619855E-002
  -1.36345702809011       -1.36348815301432     
   1.11844408243647        1.11842561324208     
  0.753976804389384       0.753993968572326     
  1.152039024183749E-003  1.152126048527899E-003
  0.669642395478085       0.669639649125240     
 -0.450458749211368      -0.450513772879085     
  -1.76530339820162       -1.76529839277192     
  0.775172777664339       0.775254485648028     
   1.64998699964351        1.64998382472112     
 -0.238997504583912      -0.239020921485675     
 -0.467541125308428      -0.467541543315285     
 -0.454390700969125      -0.454389815404917     
  0.686683956047920       0.686705865986307     
 -9.970742770049261E-002 -9.970724496909832E-002
  0.796607359348979       0.796588637977928     
 -0.789613184055239      -0.789609796606185     
  9.369438413381952E-002  9.367803359649317E-002
  0.106450108501074       0.106460927916872     
 -0.128527345382107      -0.128525445009007     
 -0.830485694959807      -0.830519695751573     
 -0.194517548871292      -0.194523951911623     
  0.181635908592343       0.181632258248927     
 -0.300249080472122      -0.300251809903324     
  4.344299918633555E-002  4.344864696734948E-002
  0.809936932742081       0.809936741713894     
   2.04201901736348        2.04203657877366     
  0.199899090729530       0.199914353728854     
  -1.32233284786563       -1.32235452982680     
 -0.731951320648678      -0.731962646080846     
  0.939785043192506       0.939798588109129     
 -1.156759518043450E-002 -1.156687865365566E-002
  0.449703738807608       0.449704255631544     
  0.949469033185548       0.949467133153065     
   1.08633072909613        1.08632619517011     
 -0.330460794293981      -0.330457651960943     
   1.42600153176939        1.42599176673622     
  0.832413962256364       0.832493200383162     
  0.611745362555886       0.611780957630756     
  0.152763653420386       0.152758004713827     
  0.164288639924002       0.164290250759473     
 -0.575143217286816      -0.575140923579650     
  0.325819857059156       0.325818540432613     
   2.01582693737706        2.01583537301554     
  0.307576720976082       0.307572919270272     
   1.32441178427128        1.32445698240809     
 -0.797047071042309      -0.797042075863261     
  -1.01715390244351       -1.01712722479686     
  0.515080499152367       0.515069359359511     
   1.39433372028734        1.39431946945120     
 -0.302510058284289      -0.302497289239393     
 -0.122136610842446      -0.122135534374655     
  0.603148037725650       0.603159511221271     
 -0.781247821888982      -0.781267778730085     
   2.08359606794117        2.08367445827683     
  0.259131663276065       0.259130453776565     
 -0.123021330662507      -0.123020217442929     
  0.385449822423436       0.385467110889335     
 -0.688203793593519      -0.688201420241125     
  0.918959928505997       0.918958992053695     
 -0.671659003376459      -0.671639066163767     
  9.843858868997196E-002  9.846161609531782E-002
 -0.716153651413503      -0.716178380373338     
  0.766370898287476       0.766376902557964     
  0.593856277604535       0.593870081856250     
 -1.465056338875021E-002 -1.465410760510167E-002
 -0.165721992011384      -0.165722185152804     
 -0.195093327456666      -0.195098083720119     
 -0.127064689856499      -0.127060888478427     
 -0.659847628689648      -0.659818250253819     
 -0.267556719727444      -0.267551300716660     
 -2.054447871499959E-002 -2.054308063901229E-002
 -0.643088565339619      -0.643062978910072     
   1.88094262802732        1.88092260058840     
 -5.547624294379798E-002 -5.547916590408432E-002
  5.124889389538730E-002  5.124730464045761E-002
  0.328979462212804       0.328979682674306     
  0.203128157413356       0.203127934752565     
  -1.12579408623115       -1.12582213619049     
   1.05819040706754        1.05817321801024     
 -0.344873869191179      -0.344893630550861     
 -0.429467088483366      -0.429466532249371     
  0.148847621102934       0.148861814524818     
 -0.536736332349987      -0.536728963303774     
  0.560807633862092       0.560793270266799     
   1.24778822977286        1.24777327891909     
  -1.62839282171316       -1.62838768521381     
  0.515507894910006       0.515537033457396     
  0.676926765587065       0.676934344002687     
 -1.658661698228626E-002 -1.658805428418839E-002
 -0.696558269250221      -0.696534682507378     
 -0.920596612249702      -0.920637638322778     
 -0.345848151618892      -0.345868412161536     
 -0.955517104571999      -0.955539539981648     
  0.789889041384300       0.789889842021010     
  -1.19050162729470       -1.19049892472444     
  -1.18490460745497       -1.18490156509564     
 -0.179611880916231      -0.179610261890618     
  0.837472168497853       0.837457410798841     
 -0.920937369941806      -0.920951334297972     
 -0.320041659926263      -0.320040893438072     
   1.72595241589473        1.72602385320242     
  0.965576207030450       0.965653072087201     
   1.51003788156460        1.51004351470476     
 -0.821455508113924      -0.821457270801214     
   2.31183690324474        2.31184854179595     
   1.34943329097158        1.34941698352695     
  0.365188188378033       0.365138703923924     
  -2.38362855414597       -2.38362212556825     
 -5.261169759056067E-003 -5.263935119471506E-003
 -1.814809978552418E-002 -1.815000513391885E-002
   1.84620049989814        1.84622269227907     
  -1.20497667731895       -1.20498988727373     
  4.112511052083975E-002  4.112298905308166E-002
 -0.679527612706993      -0.679519342651242     
 -9.473891056413565E-003 -9.473036014794935E-003
  0.188882734218631       0.188883639763883     
 -0.159967589868165      -0.159970702524333     
   1.16029547186258        1.16029563179032     
 -0.276920277690053      -0.276926709561679     
 -0.412066399579719      -0.412039460501345     
  3.704484035234243E-002  3.703930708921743E-002
 -0.316145097835575      -0.316113939633971     
  0.574511827915260       0.574511634267747     
  0.689374262756601       0.689373440971517     
   1.71370943468147        1.71374641889235     
 -0.151423619023199      -0.151434977756833     
  0.159512286705559       0.159514027966922     
   2.01721981478022        2.01722656314512     
  -1.13233014937116       -1.13230134094734     
 -0.649361478380578      -0.649367717973226     
  0.209787755744477       0.209824373274023     
  8.478936820792228E-002  8.480505470871832E-002
  0.342359772775344       0.342370372218704     
  0.160549993330848       0.160553568313270     
 -0.723115513387966      -0.723131326684271     
  1.010996146653554E-002  1.011368698476809E-002
   1.27672377395829        1.27675468032040     
 -0.400279714646498      -0.400280947994389     
 -0.152126819228127      -0.152122451260327     
 -9.958025490460036E-002 -9.954856046414515E-002
  -1.15615069526035       -1.15617558153586     
 -6.334728831914092E-002 -6.334574778335318E-002
  -1.02361332613665       -1.02359623069506     
 -0.135712963204159      -0.135713304995866     
  0.200247929706062       0.200240837842890     
 -0.613812809528610      -0.613802190188588     
 -0.798176531398117      -0.798170354663942     
  -2.42447503945310       -2.42447365400852     
  0.204206484083992       0.204214407726628     
  0.611063715006189       0.611067639452414     
  0.465161253067267       0.465156907333058     
   2.33667104436494        2.33668297899478     
  -1.09487283124099       -1.09485805831089     
 -0.425233768841498      -0.425182800356271     
  -1.56455872330481       -1.56456922124074     
 -0.885680237224716      -0.885689971145912     
 -2.918506188180800E-002 -2.917974331769995E-002
 -0.163674977518824      -0.163674435795917     
 -0.453163524374257      -0.453171848731257     
 -0.512757878979348      -0.512793285994265     
  0.316317870409738       0.316316581942416     
  0.179136190995820       0.179115536039425     
  5.595912928434982E-002  5.595128953306531E-002
  0.361035492696226       0.361021720741752     
  0.279319017760179       0.279331574363271     
  0.133110472847269       0.133110264266439     
 -0.733936884627946      -0.733937395924994     
   2.16656464741716        2.16658522318967     
  6.583437523845602E-003  6.589640096248250E-003
  0.122775290592898       0.122759452329633     
   1.10139612137931        1.10139703232185     
 -0.164045609623035      -0.164089130443829     
  0.835795165911220       0.835805488078803     
  0.102219733768275       0.102167474818802     
  0.172493365138848       0.172499643684470     
 -0.502102436847690      -0.502107128205103     
 -0.120959821035394      -0.120973439217527     
  0.249700986974068       0.249713220398754     
   1.21452501376391        1.21452616265739     
  0.849322225754566       0.849338775892470     
  0.271655673030186       0.271694764463028     
 -3.960109335689413E-002 -3.959865884090872E-002
   1.56094578510402        1.56096066368743     
  0.247550014399687       0.247520507004857     
  0.516332935806466       0.516337843677770     
 -0.886191877197540      -0.886216743092176     
 -0.513129736511142      -0.513132768044038     
  -1.10557910565528       -1.10556226299242     
 -8.361243748332579E-002 -8.361732010948590E-002
  0.748228922759152       0.748234019513961     
  0.584734668144488       0.584769682451550     
 -0.100997266535075      -0.100995750349074     
 -9.697873004725949E-002 -9.697874969791098E-002
  0.734420437934055       0.734433287288244     
  1.902240814895085E-002  1.899049822689700E-002
  0.317953552037908       0.317960494085299     
   2.29580060940295        2.29587203535886     
  8.719560206134412E-004  8.011731230420394E-004
  -1.12169480642480       -1.12168601413145     
 -0.525680193184664      -0.525677149854306     
  0.544291425974340       0.544283506941411     
  0.279879207520248       0.279881934713787     
   1.02296543520585        1.02299193067939     
  0.899705192686264       0.899762618807938     
 -3.695851979110963E-002 -3.696048407414994E-002
 -0.609892646903110      -0.609924324533767     
 -0.127807356977311      -0.127805692138103     
  0.392534073674084       0.392529885778313     
  0.571009099305745       0.571009998437597     
  0.244345291147506       0.244335340032729     
 -0.502051146491127      -0.502047826006935     
  0.902508684200349       0.902567324609774     
 -0.288091778896477      -0.288087906719018     
  -1.52154373173292       -1.52154520981142     
 -0.808419058508755      -0.808421197178330     
 -0.977421473673605      -0.977450452163593     
  -2.17754650153771       -2.17754345722866     
  0.967018154859265       0.967020458075905     
 -0.162990553053787      -0.162962081681827     
  0.111459774170222       0.111439649721197     
   1.16913795860841        1.16914838001586     
  0.483469570337984       0.483494809685382     
 -0.290632751001033      -0.290633065996668     
 -7.471813943028042E-003 -7.493966105893841E-003
  0.230070938316031       0.230148688415059     
 -0.432936692978203      -0.432966587389242     
  0.148551830508908       0.148546290779581     
  0.833288495413635       0.833259205958539     
 -0.599166212700802      -0.599168514137916     
  0.331326294861060       0.331329524773536     
  0.169693009312093       0.169696650402910     
  0.262032086227779       0.262027334569812     
 -0.325608189962349      -0.325616687009942     
   1.77274974478712        1.77281624182770     
 -0.551255055293791      -0.551264622166873     
 -0.786621099472919      -0.786629209976412     
  0.129406858822763       0.129432981619865     
  -1.20268340791306       -1.20264909034489     
  0.141403901309348       0.141402712377195     
  -1.56849476498822       -1.56850891852157     
   2.37060126159700        2.37061759744215     
 -0.174624785003406      -0.174624516925691     
  -1.45689648595808       -1.45693176349970     
 -0.853527836824650      -0.853535154120993     
  -1.85758316920796       -1.85758706698222     
  0.976318893782086       0.976316199677147     
 -0.236700705046337      -0.236713019708915     
 -0.530216631704991      -0.530267899893253     
   1.16557052426181        1.16552741025068     
  0.254973088477438       0.254976815453432     
  0.451554377465096       0.451566167683031     
  0.475065489647447       0.475055144853972     
 -0.987877320411208      -0.987865337372347     
  0.865906781442964       0.865914820605827     
  0.453498884011930       0.453443786556681     
  0.441650711157630       0.441642335291033     
 -0.444037473051653      -0.444051678118100     
 -0.643358324767614      -0.643385630998737     
  4.899453633068856E-002  4.898924569189656E-002
  0.753232769498747       0.753254260657566     
 -0.262357402341441      -0.262354473147186     
  0.111603726450690       0.111609750658062     
  0.511534599798650       0.511539413466866     
 -4.247521750972742E-002 -4.243864508138530E-002
 -0.547661476262918      -0.547666631405859     
 -0.512016134813650      -0.512017921498702     
  0.512332737664754       0.512307982057781     
  6.777915120216430E-002  6.776505769627733E-002
  -1.76169783629123       -1.76169824406805     
  0.283839026432488       0.283834068473490     
 -0.270292735995128      -0.270266648236938     
  0.821142495205640       0.821142891047654     
  -1.06655253384371       -1.06653293122048     
 -0.137580828308538      -0.137580179350083     
  0.177142027402889       0.177168038846819     
  0.204989904364727       0.205062761396900     
 -0.506284551833123      -0.506291361942842     
 -0.739825947577748      -0.739824914555798     
  0.625203846724289       0.625191109122025     
  0.462424181044021       0.462427308068252     
   1.28825358740123        1.28822340470849     
  8.997062169645581E-002  8.997560540475483E-002
 -0.289972647693877      -0.289981186070527     
  0.261524825655953       0.261581064509027     
  0.639046718887139       0.639082043462247     
  0.774385575228336       0.774392820870923     
   2.18620400616640        2.18620553508121     
 -0.453356974525414      -0.453325270551817     
 -0.162352493431468      -0.162367464587422     
  0.249760127355459       0.249789948535039     
  0.553370046669567       0.553408335637484     
  0.367125465732167       0.367109694933008     
 -0.639345322643745      -0.639366834369063     
 -0.789725426495451      -0.789809536241500     
 -0.222861156731285      -0.222842428175098     
   1.19170789571995        1.19171092983198     
  0.781577613944382       0.781575850701762     
  0.917813399900954       0.917804446060424     
 -0.157617082206692      -0.157628491176968     
   1.24591608846853        1.24597195022740     
  0.491347762292067       0.491345192605158     
 -0.263229654460033      -0.263229841033149     
  0.465415550572212       0.465424821084850     
   1.53111938432926        1.53112475500470     
  -1.31775035158149       -1.31775497756439     
  6.973629164163242E-002  6.979681804110095E-002
 -0.190659433022359      -0.190659783454475     
  0.867668731121411       0.867633880733453     
  8.579832887031742E-002  8.579367727597813E-002
 -0.631293667448907      -0.631289105617297     
  0.869118370536781       0.869073843183124     
 -7.239226716501418E-002 -7.240342791638052E-002
 -0.567401551995838      -0.567412979504939     
  0.625640736583487       0.625667867433893     
   2.32180874427968        2.32184824897267     
 -0.158113865122930      -0.158081343270735     
 -8.710819502613647E-002 -8.710037257841838E-002
 -0.216924316714994      -0.216921822342404     
 -0.195115581572579      -0.195115758261951     
 -0.536385716878393      -0.536355278791977     
  0.288610131695168       0.288624338031615     
  0.850703488116271       0.850705861517058     
 -4.727158352292138E-002 -4.727351908917062E-002
  -1.19620038047736       -1.19617864106745     
  -1.48003389763474       -1.48013695711446     
  6.491619964369426E-002  6.491564711447327E-002
  0.701366259809264       0.701374524034031     
 -0.227394195741254      -0.227394297849944     
  6.190481901715620E-002  6.195309222266050E-002
   2.24599744489243        2.24602378495936     
   1.50542928425010        1.50547406496683     
 -0.188848209575149      -0.188845338815158     
 -0.250870702253006      -0.250887777453654     
  0.504575796859561       0.504585408995552     
  -1.59177141049007       -1.59177360278275     
 -0.551434313175627      -0.551430410990047     
 -0.623808599054845      -0.623815543027218     
  0.460477999977089       0.460476906185707     
  0.833588316878392       0.833589246078422     
 -0.267516214948003      -0.267516738316707     
  0.601840470222785       0.601831145143142     
 -0.195977826630420      -0.195978140126392     
 -0.162394817436992      -0.162390263766238     
   1.69947394526007        1.69946807508604     
 -0.107739531852125      -0.107741444149053     
 -0.900389710701108      -0.900396503390682     
  0.109377169059207       0.109356630809882     
  -1.42473966262311       -1.42477238016553     
   2.23904963828851        2.23909861872240     
 -0.627851628449037      -0.627857964878675     
 -0.994073357649878      -0.994156479604675     
  -1.11601711006328       -1.11607145052410     
 -9.217563949735526E-002 -9.215679804733871E-002
   1.50976102609347        1.50977362122643     
  0.616138369503905       0.616112352148645     
  -1.02944614292144       -1.02946245442929     
 -3.552275043550262E-002 -3.553287638155705E-002
  -1.09078964820170       -1.09080176237675     
 -0.232818285290722      -0.232821430207133     
   1.25344991444021        1.25344811929095     
   1.08121804361487        1.08120910073088     
   1.05662770884341        1.05666063370558     
  -1.09966369740569       -1.09966124578430     
   1.76921864336831        1.76922306470796     
  0.161800818499227       0.161803512223586     
  7.309729249618564E-002  7.308449760734427E-002
  0.165575955080169       0.165575452663064     
  0.251036054515235       0.251064111053754     
 -2.772689924162720E-002 -2.772459417459533E-002
 -0.416563086272575      -0.416557268519736     
   1.42029679117956        1.42030523174958     
 -0.145952550198920      -0.145954404097957     
   1.06570501121800        1.06575066302197     
  0.498588074992568       0.498585867265365     
 -4.927003396025965E-002 -4.925617494096353E-002
 -0.912139397324983      -0.912154455556913     
  0.306391353283919       0.306377491029137     
  0.181530155351739       0.181534621985977     
  -1.73060448015450       -1.73063682183194     
  -1.33978956551775       -1.33980893724783     
   2.38721593325973        2.38718477395325     
  0.751190215854397       0.751195952556655     
  0.702872061319745       0.702893780214044     
 -0.472997564087979      -0.472978695166115     
  0.126447462632721       0.126450592710355     
  -1.43057950197989       -1.43058395771472     
  -1.26659198665639       -1.26663346251567     
  0.299813909283914       0.299812544358258     
 -0.259282492271392      -0.259294653536984     
  0.281026239539949       0.281056793588289     
  0.665277031571065       0.665269125657966     
 -0.205700114387936      -0.205700204350692     
 -0.396663183405713      -0.396664243307256     
  0.644633247118809       0.644649950221604     
 -8.804014596375885E-002 -8.803356531987622E-002
  0.286453867770500       0.286450394313487     
  0.963667545824523       0.963657679774672     
   2.63428794902541        2.63429935706067     
  -1.75716277772538       -1.75716325512720     
 -0.540883052089884      -0.540896110262623     
 -0.159495844119484      -0.159494519276096     
 -4.608070421621963E-002 -4.607542465479775E-002
 -0.919664781876304      -0.919666608997958     
  0.455362581594616       0.455376251440245     
  2.452449298447892E-002  2.452309070348869E-002
  0.573949979451053       0.573942639903133     
 -3.244690777758442E-002 -3.245774891268488E-002
 -0.297524618086646      -0.297563529099463     
 -0.267462873036623      -0.267469529052107     
 -0.172537648681576      -0.172564884805066     
 -0.362306746434432      -0.362242084899325     
 -0.422326309132976      -0.422334288417412     
  2.722494129271579E-002  2.723128132162667E-002
 -0.356516017303296      -0.356514259669268     
 -0.163377023626032      -0.163363019456622     
 -0.156368485384572      -0.156402406222149     
 -0.407680917285510      -0.407678952584117     
 -0.268995330779846      -0.268970320796122     
  -1.00424251316196       -1.00430503715828     
  4.134351751032130E-002  4.134182150077266E-002
  0.781264771566183       0.781263260491744     
  0.341306513212619       0.341330149450746     
 -0.613374649891399      -0.613368334566813     
  0.296482221623444       0.296494711429012     
  0.600715683697967       0.600772676348182     
 -0.307277409456541      -0.307275691279824     
 -0.551755120357011      -0.551744803808571     
  4.684522189428058E-002  4.684890177973487E-002
  -1.65153619679201       -1.65156130623731     
 -5.838460167381646E-003 -5.832769449489436E-003
 -0.562570100934871      -0.562558843336922     
   1.00560609529413        1.00564227621883     
  0.745056189980335       0.745069408736954     
  5.884470115850094E-003  5.888432863571704E-003
 -0.703362524158579      -0.703381976397765     
   1.09473303927892        1.09473684567630     
 -0.742871194087054      -0.742862765648303     
  0.740950293038676       0.740951432886030     
  0.629147638908921       0.629172303485646     
  0.115276311478320       0.115275961182254     
  -1.49953957675077       -1.49954299595610     
 -3.518875094397844E-002 -3.518941429422014E-002
 -6.233967690440474E-002 -6.233856880780995E-002
 -7.355027087745829E-002 -7.357401737044182E-002
 -0.854369380645719      -0.854386678434659     
 -0.641773164208085      -0.641764505038275     
   1.42209579219609        1.42209526230411     
 -0.948923484565687      -0.948923114523721     
  0.227031833924055       0.227038201262173     
  0.598859868453277       0.598857533260525     
 -0.621844194255695      -0.621866690454208     
  6.082150279918008E-002  6.082156730671970E-002
   2.13975366199374        2.13981364707559     
  7.452469731305197E-003  7.450529646453463E-003
   1.95900274690455        1.95902464722012     
  0.378225263790240       0.378225602464373     
  0.361998237869956       0.361988639250169     
 -0.336414025989305      -0.336430934946602     
 -0.116207296384644      -0.116210255026083     
 -0.884263965153403      -0.884283134672639     
 -0.508108749149576      -0.508102044753592     
  0.277366930745189       0.277397672794024     
 -0.857837372582363      -0.857908604978129     
  0.238042237706712       0.238048989096310     
 -0.190816181597529      -0.190804319006796     
  6.324678593621458E-002  6.325377416577910E-002
   1.21460771273206        1.21458398046355     
   1.22005508500730        1.22005981340012     
 -0.866660186125451      -0.866673468189372     
  0.219167217378554       0.219186972270980     
 -0.148236251329520      -0.148238595332123     
  0.268471989509224       0.268479484186763     
  0.689000909039559       0.689059058796972     
  0.125285846207579       0.125304718589105     
 -0.115903247727465      -0.115875676983989     
   1.62295823645615        1.62299620497176     
 -0.904972568936888      -0.904974112802297     
 -0.296033665145460      -0.296012683022766     
  -1.92429024023589       -1.92429145289455     
 -0.355225075005773      -0.355207765625885     
  0.182044807731962       0.182052832259001     
  -1.09544137625071       -1.09546803315209     
  0.419443827382234       0.419436862395773     
  0.225131988408839       0.225098392910228     
  0.620300813213247       0.620306563641283     
  0.516693032644663       0.516697341415859     
  0.550848963150628       0.550862972237554     
 -0.875969293515698      -0.875970210113002     
   3.42376560369675        3.42378934123340     
  0.235087111984935       0.235085680310428     
 -1.985430460771585E-002 -1.985425470612558E-002
 -0.372208398305470      -0.372209575025949     
  0.285670579496845       0.285666969549547     
 -0.890529982467939      -0.890538114202423     
 -0.976953884325577      -0.976967619129438     
 -0.936772311308108      -0.936774446592042     
 -8.362123635214536E-003 -8.364567770597011E-003
  0.812440829305580       0.812441309817536     
  -1.31455829829206       -1.31456215699484     
   1.39319218969531        1.39319116486680     
  -1.63493377646942       -1.63499640439569     
 -0.246887623994235      -0.246886793311031     
 -0.186595640751658      -0.186582618953707     
  0.751486749325675       0.751453165062827     
   1.43905307369047        1.43905974008028     
 -8.332439587625133E-002 -8.332062711804181E-002
  8.727760482526950E-002  8.728008780948897E-002
  0.643709192650963       0.643706868868801     
 -0.334956518383654      -0.334951525222668     
 -0.416331684622777      -0.416295987936831     
  0.506047795584555       0.506052652106931     
 -0.919851061359528      -0.919868359734064     
  0.501809734889666       0.501834177937123     
  9.474231298869150E-002  9.473302410822790E-002
   1.45891521683235        1.45894065705169     
  8.996555099395355E-003  8.998397129229349E-003
   1.94207657722172        1.94207230761209     
  2.492067271702461E-002  2.491239470398606E-002
 -0.574951864728086      -0.574953605986039     
  -1.75512128947385       -1.75512856613759     
  0.102930044894759       0.102913112026768     
  0.156792555375670       0.156802240629874     
  0.873046801772762       0.873064137756256     
 -0.225838728543791      -0.225842270915053     
  2.639056820369841E-002  2.638739812216218E-002
  9.649738991340856E-003  9.650108884924123E-003
  -1.88196977518270       -1.88197120182490     
  0.288002121183885       0.288017615264123     
 -0.541996257080982      -0.541994454503495     
 -0.381074688804536      -0.381073613670743     
  0.551163204049793       0.551161401573032     
  0.428097366114704       0.428119741169892     
  0.236148160269837       0.236145970671789     
 -6.400532207908764E-003 -6.392420334624665E-003
  0.586296894498132       0.586288317980265     
 -4.365197766206106E-002 -4.365539753786388E-002
 -0.712809592308035      -0.712826555977354     
 -0.120955501509319      -0.120949662240247     
 -0.482609145147862      -0.482605387837170     
